,failure_rate,adjustment_factor,R,year,cost [mEUR],co2_stored,co2_not_stored,emission,emission_reduction,system_emissions,system_emissions_efficiency,emission_reduction_change,cost_per_co2_stored,ratio_cost_resilient_cost_non_resilient
0,failure_rate_0_9,1.0,0.0,0,704.9361989242318,5437431.349787996,55814.94637477398,-1146958.0,5.260608,176823.34978799615,96.748035268622,99.00177843854976,129.64507569400706,0.0
1,failure_rate_0_9,0.9,0.09999999999999998,0,705.5108345237057,5442982.056207047,50264.239955723286,-1152262.2,5.2659122,177069.85620704666,96.74682270897586,99.10160059469479,129.61843842919856,-0.0205462989364662
2,failure_rate_0_9,0.8,0.19999999999999996,0,706.0865005139427,5448531.890770243,44714.40539252758,-1157566.4,5.2712164,177315.49077024218,96.74562810083552,99.20142275083982,129.59206528827445,-0.04088886943745251
3,failure_rate_0_9,0.7,0.30000000000000004,0,707.1317266494667,5454153.056847678,39093.23931509256,-1162870.6,5.2765206,177632.45684767794,96.74317066286469,99.30124490698483,129.65014352900573,0.003909006934165404
4,failure_rate_0_9,0.6,0.4,0,708.2366347083823,5459782.9208206395,33463.37534213066,-1168174.8,5.2818248,177958.12082063965,96.74056416891587,99.40106706312986,129.71882673348668,0.05688688065075098
5,failure_rate_0_9,0.5,0.5,0,709.3415427672986,5465412.784793601,27833.51136916876,-1173479.0,5.287129,178283.78479360137,96.73796304481081,99.5008892192749,129.78736843828102,0.10975561047131066
6,failure_rate_0_9,0.4,0.6,0,710.4464508262137,5471042.648766563,22203.647396206856,-1178783.2,5.2924332000000005,178609.4487665631,96.73536727397234,99.60071137541992,129.85576908021045,0.16251553333246704
7,failure_rate_0_9,0.3,0.7,0,711.5513588851377,5476672.512739585,16573.78342318535,-1184087.4,5.2977374,178935.1127395844,96.7327768398904,99.70053353156494,129.92402909430123,0.21516698478588125
8,failure_rate_0_9,0.2,0.8,0,712.6562669440515,5482302.376712547,10943.919450223446,-1189391.6,5.303041599999999,179260.77671254706,96.73019172612584,99.80035568770995,129.9921489137917,0.2677102990042073
9,failure_rate_0_9,0.1,0.9,0,713.7611750029699,5487932.240685449,5314.055477321148,-1194695.8,5.3083458,179586.44068544917,96.72761191630495,99.90017784385498,130.06012897014566,0.32014580879125276
10,failure_rate_0_9,0.0,1.0,0,714.866341695537,5493565.626231954,-319.3300691843033,-1200000.0,5.31365,179915.62623195443,96.72497538988428,100.0,130.1279333557111,0.3724458172585656
11,failure_rate_0_9_capture,1.0,0.0,0,707.4962954439733,5438796.863852129,54449.43231064081,-1146958.0,5.260608,178188.86385212932,96.72374482238111,99.00177843854976,130.08323589840344,0.3379690297150546
12,failure_rate_0_9_capture,0.9,0.09999999999999998,0,707.818855159928,5444212.9405065635,49033.35565620661,-1152262.2,5.2659122,178300.74050656334,96.72494918080898,99.10160059469479,130.0130731282653,0.28384991276242033
13,failure_rate_0_9_capture,0.8,0.19999999999999996,0,708.1865407222826,5449636.321503327,43609.9746594429,-1157566.4,5.2712164,178419.92150332686,96.7260214998327,99.20142275083982,129.95115617677098,0.23609109804243644
14,failure_rate_0_9_capture,0.7,0.30000000000000004,0,709.020790679874,5455126.687308119,38119.60885465145,-1162870.6,5.2765206,178606.08730811905,96.72590395153125,99.30124490698483,129.9732950894577,0.25316765306638445
15,failure_rate_0_9_capture,0.6,0.4,0,709.8550406374653,5460617.053113029,32629.24304974079,-1168174.8,5.2818248,178792.25311302952,96.72578663960509,99.40106706312986,129.9953894830962,0.27020986891623977
16,failure_rate_0_9_capture,0.5,0.5,0,710.6892905950565,5466107.41891788,27138.877244889736,-1173479.0,5.287129,178978.4189178804,96.72566956334508,99.5008892192749,130.0174394918406,0.2872178490700463
17,failure_rate_0_9_capture,0.4,0.6,0,711.523540552648,5471597.784722731,21648.51144003868,-1178783.2,5.2924332000000005,179164.58472273126,96.72555272204076,99.60071137541992,130.03944524930094,0.3041916965860594
18,failure_rate_0_9_capture,0.3,0.7,0,712.3577905102394,5477088.150527642,16158.145635128021,-1184087.4,5.2977374,179350.75052764174,96.7254361149845,99.70053353156494,130.06140688855143,0.3211315141093536
19,failure_rate_0_9_capture,0.2,0.8,0,713.1920404678307,5482578.516332434,10667.77983033657,-1189391.6,5.303041599999999,179536.91633243393,96.72531974147567,99.80035568770995,130.08332454213897,0.33803740387816106
20,failure_rate_0_9_capture,0.1,0.9,0,714.0262904254221,5488068.882137285,5177.414025485516,-1194695.8,5.3083458,179723.0821372848,96.72520360081025,99.90017784385498,130.1051983420715,0.35490946771510323
21,failure_rate_0_9_capture,0.0,1.0,0,714.8664370214462,5493565.547903941,-319.2517411708832,-1200000.0,5.31365,179915.547903941,96.72497676900228,100.0,130.127952563377,0.3724606328354696
22,failure_rate_1_0,1.0,0.0,0,704.3142596322039,5431301.483422683,61944.81274008751,-1141064.0,5.254714,176587.48342268262,96.74870776439755,98.8908565675195,129.6768853251654,0.0
23,failure_rate_1_0,0.9,0.09999999999999998,0,704.9523113724983,5437465.714349137,55780.58181363344,-1146957.6,5.260607599999999,176858.11434913706,96.747416468624,99.00177091076753,129.64721956998693,-0.022876671585734698
24,failure_rate_1_0,0.8,0.19999999999999996,0,705.5908001868446,5443633.212435768,49613.083727002144,-1152851.2,5.2665012,177132.0124357678,96.74607003221458,99.1126852540156,129.61762349729037,-0.045699607702971434
25,failure_rate_1_0,0.7,0.30000000000000004,0,706.2910575448851,5449809.033378051,43437.26278471947,-1158744.8,5.2723948,177414.23337805085,96.74457889640803,99.22359959726364,129.59923058204708,-0.059883257469962814
26,failure_rate_1_0,0.6,0.4,0,707.5187424240476,5456064.484965728,37181.811197042465,-1164638.4,5.2782884,177776.0849657273,96.74167918184267,99.3345139405117,129.67565621220695,-0.0009478273289431627
27,failure_rate_1_0,0.5,0.5,0,708.7464273032052,5462319.936553345,30926.359609425068,-1170532.0,5.284182,178137.93655334506,96.73878610878755,99.44542828375975,129.75190679702575,0.05785261704292566
28,failure_rate_1_0,0.4,0.6,0,709.9741121823662,5468575.388141022,24670.908021748066,-1176425.6,5.2900756,178499.78814102244,96.7358996544491,99.5563426270078,129.8279829372003,0.11651853887147468
29,failure_rate_1_0,0.3,0.7,0,711.2017970615245,5474830.839728639,18415.45643413067,-1182319.2,5.2959692,178861.63972863927,96.73301979614214,99.66725697025586,129.9038852306851,0.175050399267775
30,failure_rate_1_0,0.2,0.8,0,712.4294819406823,5481086.291316257,12160.004846513271,-1188212.8,5.301862799999999,179223.49131625704,96.73014651128184,99.77817131350389,129.9796142727021,0.23344865723571218
31,failure_rate_1_0,0.1,0.9,0,713.6571668198426,5487341.742903815,5904.553258955479,-1194106.4,5.307756400000001,179585.34290381428,96.72727977738852,99.88908565675196,130.05517065576208,0.2917137696885277
32,failure_rate_1_0,0.0,1.0,0,714.8851390697232,5493601.1073509315,-354.81118816137314,-1200000.0,5.31365,179951.1073509315,96.72435067937239,100.0,130.13051459326792,0.3498150552930497
33,failure_rate_1_0_capture,1.0,0.0,0,707.1539509479622,5432815.154329584,60431.14183318615,-1141064.0,5.254714,178101.15432958398,96.72175199651971,98.8908565675195,130.16344765280826,0.3752113003198758
34,failure_rate_1_0_capture,0.9,0.09999999999999998,0,707.5119327019513,5438830.775374756,54415.520788013935,-1146957.6,5.260607599999999,178223.17537475657,96.72313438797006,99.00177091076753,130.08529993345877,0.3149478854842016
35,failure_rate_1_0_capture,0.8,0.19999999999999996,0,707.8703350891066,5444848.68370615,48397.61245661974,-1152851.2,5.2665012,178347.4837061502,96.72447309252395,99.1126852540156,130.00734753335325,0.2548350905862975
36,failure_rate_1_0_capture,0.7,0.30000000000000004,0,708.390033453754,5450890.853182838,42355.44297993183,-1158744.8,5.2723948,178496.05318283848,96.72537832823028,99.22359959726364,129.9585797136475,0.21722791056846802
37,failure_rate_1_0_capture,0.6,0.4,0,709.3169848413444,5456991.305636928,36254.99052584171,-1164638.4,5.2782884,178702.90563692804,96.72524848166182,99.3345139405117,129.98316198683304,0.23618446795639159
38,failure_rate_1_0_capture,0.5,0.5,0,710.2439362289359,5463091.758091197,30154.53807157278,-1170532.0,5.284182,178909.75809119735,96.72511892508084,99.44542828375975,130.00768935960448,0.25509868902973665
39,failure_rate_1_0_capture,0.4,0.6,0,711.1708876165294,5469192.210545407,24054.085617363453,-1176425.6,5.2900756,179116.61054540705,96.72498965752119,99.5563426270078,130.0321620156789,0.27397071546147345
40,failure_rate_1_0_capture,0.3,0.7,0,712.0978390041182,5475292.662999556,17953.63316321373,-1182319.2,5.2959692,179323.4629995562,96.72486067801687,99.66725697025586,130.05658013794758,0.2928006882877412
41,failure_rate_1_0_capture,0.2,0.8,0,713.0247903917096,5481393.115453766,11853.180709004402,-1188212.8,5.301862799999999,179530.3154537659,96.72473198560392,99.77817131350389,130.08094390848728,0.31158874791657354
42,failure_rate_1_0_capture,0.1,0.9,0,713.9517417793005,5487493.567907975,5752.7282547950745,-1194106.4,5.307756400000001,179737.16790797468,96.72460357932599,99.88908565675196,130.10525350856747,0.3303350341334408
43,failure_rate_1_0_capture,0.0,1.0,0,714.8852449873724,5493601.020319686,-354.7241569161415,-1200000.0,5.31365,179951.02031968627,96.72435221170804,100.0,130.1305359350198,0.3498315129306917
44,failure_rate_1_1,1.0,0.0,0,703.6985852629812,5425193.022178457,68053.27398431301,-1135171.0,5.248821,176372.02217845712,96.74901848731577,98.77995351594478,129.70940985624412,0.0
45,failure_rate_1_1,0.9,0.09999999999999998,0,704.393885998224,5431950.314317451,61295.98184531927,-1141653.9,5.2553039,176646.4143174505,96.74801122808785,98.90195816435032,129.6760546836361,-0.02571530673448308
46,failure_rate_1_1,0.8,0.19999999999999996,0,705.0962169192693,5438734.499424384,54511.796738386154,-1148136.8,5.261786799999999,176947.69942438416,96.74652808584217,99.02396281275583,129.6434339631571,-0.05086438459642295
47,failure_rate_1_1,0.7,0.30000000000000004,0,705.7986015249028,5445517.928865538,47728.36729723215,-1154619.7,5.2682697,177248.2288655378,96.74506206423483,99.14596746116135,129.6109223667438,-0.07592933281360104
48,failure_rate_1_1,0.6,0.4,0,706.8009751245778,5452346.685949133,40899.61021363735,-1161102.6,5.274752599999999,177594.08594913315,96.7427954204233,99.26797210956686,129.63243458931655,-0.05934439684281756
49,failure_rate_1_1,0.5,0.5,0,708.1514159931664,5459227.619011686,34018.677151083946,-1167585.5,5.2812355,177992.11901168618,96.7396098599767,99.38997675797239,129.71641144381647,0.005397902573236024
50,failure_rate_1_1,0.4,0.6,0,709.5018568617546,5466108.55207424,27137.74408853054,-1174068.4,5.2877184,178390.15207423922,96.73643231972507,99.51198140637793,129.80017687217682,0.0699772021422973
51,failure_rate_1_1,0.3,0.7,0,710.852297730341,5472989.485136793,20256.811025977135,-1180551.3,5.2942013,178788.18513679318,96.73326276941816,99.63398605478343,129.88373167184585,0.13439411666040257
52,failure_rate_1_1,0.2,0.8,0,712.2027385989246,5479870.418199287,13375.877963483334,-1187034.2,5.3006842,179186.2181992866,96.73010117895875,99.75599070318896,129.967076636268,0.19864925783676313
53,failure_rate_1_1,0.1,0.9,0,713.553179467516,5486751.3512619,6494.944900870323,-1193517.1,5.3071671,179584.25126190018,96.72694751839633,99.87799535159448,130.05021255490385,0.26274323430924085
54,failure_rate_1_1,0.0,1.0,0,714.9039364438862,5493636.588469789,-390.2923070192337,-1200000.0,5.31365,179986.58846978936,96.7237259769321,100.0,130.13309579748108,0.326642409140959
55,failure_rate_1_1_capture,1.0,0.0,0,706.8157855244377,5426848.803780005,66397.49238276482,-1135171.0,5.248821,178027.8037800053,96.71949946982119,98.77995351594478,130.2442376931736,0.4123277081610581
56,failure_rate_1_1_capture,0.9,0.09999999999999998,0,707.2050653062711,5433449.529225872,59796.76693689823,-1141653.9,5.2553039,178145.62922587153,96.72131620496984,98.90195816435032,130.15765794865675,0.3455787000414432
57,failure_rate_1_1_capture,0.8,0.19999999999999996,0,707.5993039520401,5440069.167124794,53177.129037976265,-1148136.8,5.261786799999999,178282.36712479405,96.72279227252875,99.02396281275583,130.0717476586834,0.2793458106399953
58,failure_rate_1_1_capture,0.7,0.30000000000000004,0,707.993542929184,5446688.805023716,46557.4911390543,-1154619.7,5.2682697,178419.10502371565,96.72426475220777,99.14596746116135,129.98604625183856,0.21327396054073233
59,failure_rate_1_1_capture,0.6,0.4,0,708.7790234138337,5453366.179219649,39880.11694312096,-1161102.6,5.274752599999999,178613.57921964955,96.72470959496052,99.26797210956686,129.9709207341834,0.20161288084581486
60,failure_rate_1_1_capture,0.5,0.5,0,709.7986605033226,5460076.614813373,33169.681349396706,-1167585.5,5.2812355,178841.11481337342,96.72456766763727,99.38997675797239,129.99793053775375,0.22243619937010806
61,failure_rate_1_1_capture,0.4,0.6,0,710.8182975928119,5466787.050407157,26459.24575561285,-1174068.4,5.2877184,179068.6504071569,96.7244260887422,99.51198140637793,130.02487403270467,0.24320839699308294
62,failure_rate_1_1_capture,0.3,0.7,0,711.8379346823007,5473497.4860008815,19748.8101618886,-1180551.3,5.2942013,179296.18600088172,96.72428485699585,99.63398605478343,130.05175146291938,0.2639296617374782
63,failure_rate_1_1_capture,0.2,0.8,0,712.8575717717899,5480207.921594606,13038.374568164349,-1187034.2,5.3006842,179523.7215946056,96.72414397112202,99.75599070318896,130.0785630710825,0.2846001807020002
64,failure_rate_1_1_capture,0.1,0.9,0,713.8772088612793,5486918.35718833,6327.938974440098,-1193517.1,5.3071671,179751.2571883304,96.72400342985165,99.87799535159448,130.1053090986928,0.3052201400711567
65,failure_rate_1_1_capture,0.0,1.0,0,714.9040529532989,5493636.4927354315,-390.19657266139984,-1200000.0,5.31365,179986.49273543153,96.72372766247933,100.0,130.13311927330102,0.3266605079203657
66,failure_rate_1_2,1.0,0.0,0,703.086145273099,5419090.868204937,74155.42795783281,-1129277.0,5.242927,176163.86820493732,96.74919885107424,98.66903164491451,129.7424535540211,0.0
67,failure_rate_1_2,0.9,0.09999999999999998,0,703.8371010740701,5426442.869931863,66803.42623090744,-1136349.3,5.2499993,176443.56993186288,96.74844876909063,98.80212848042305,129.70506056076988,-0.02882093888847237
68,failure_rate_1_2,0.8,0.19999999999999996,0,704.6015469829244,5433834.949233995,59411.34692877531,-1143421.6,5.2570716,176763.3492339952,96.74698714838746,98.9352253159316,129.66929499436708,-0.05638752594082064
69,failure_rate_1_2,0.7,0.30000000000000004,0,705.3677313934244,5441235.926008568,52010.370154201984,-1150493.9,5.2641439000000005,177092.02600856777,96.74537130136032,99.06832215144017,129.63373413415812,-0.08379633411026077
70,failure_rate_1_2,0.6,0.4,0,706.1396138647253,5448636.657969997,44609.638192772865,-1157566.2,5.2712162000000005,177420.45796999708,96.74376419080038,99.20141898694871,129.59932148013928,-0.11032015347406343
71,failure_rate_1_2,0.5,0.5,0,707.5563005290509,5456134.77077137,37111.52539139986,-1164638.5,5.2782885,177846.27077137027,96.7404347905023,99.33451582245726,129.68086938017825,-0.04746647851638386
72,failure_rate_1_2,0.4,0.6,0,709.0295182178774,5463641.29144852,29605.004714250565,-1171710.8,5.285360799999999,178280.49144851975,96.73696566193762,99.4676126579658,129.77234053187624,0.023035619441785116
73,failure_rate_1_2,0.3,0.7,0,710.5027359067079,5471147.812125728,22098.484037041664,-1178783.1,5.292433099999999,178714.71212572884,96.73350605279494,99.60070949347435,129.86356068319296,0.0933442569138947
74,failure_rate_1_2,0.2,0.8,0,711.9759535955327,5478654.332802937,14591.963359832764,-1185855.4,5.2995054,179148.932802937,96.73005592394652,99.73380632898291,129.95453086584462,0.16346022910320812
75,failure_rate_1_2,0.1,0.9,0,713.4491712843628,5486160.853480146,7085.442682623863,-1192927.7,5.3065777,179583.15348014608,96.72661523647767,99.86690316449145,130.04525210590322,0.23338432686263388
76,failure_rate_1_2,0.0,1.0,0,714.9227338180583,5493672.069588707,-425.7734259366989,-1200000.0,5.31365,180022.06958870683,96.72310128256008,100.0,130.1356769683528,0.3030799892866014
77,failure_rate_1_2_capture,1.0,0.0,0,706.4812088671339,5420893.1210327605,72353.17513000965,-1129277.0,5.242927,177966.12103276048,96.7170332072724,98.66903164491451,130.32561112965436,0.44947321378539584
78,failure_rate_1_2_capture,0.9,0.09999999999999998,0,706.8993522533283,5428073.167477475,65173.12868529558,-1136349.3,5.2499993,178073.86747747473,96.71939080437582,98.80212848042305,130.2302549067955,0.37597666716800404
79,failure_rate_1_2_capture,0.8,0.19999999999999996,0,707.3282241652677,5435288.833669768,57957.462493002415,-1143421.6,5.2570716,178217.2336697681,96.72110831413828,98.9352253159316,130.13627165195155,0.30353834627187837
80,failure_rate_1_2_capture,0.7,0.30000000000000004,0,707.7583058136113,5442510.30324565,50735.99291712046,-1150493.9,5.2641439000000005,178366.4032456493,96.72271813359214,99.06832215144017,130.04262121314468,0.23135654591163757
81,failure_rate_1_2_capture,0.6,0.4,0,708.2409676177125,5449740.431743608,43505.86441916227,-1157566.2,5.2712162000000005,178524.23174360767,96.72417000443285,99.20141898694871,129.95866069003137,0.16664332305096252
82,failure_rate_1_2_capture,0.5,0.5,0,709.3533061372013,5457060.95398675,36185.342176020145,-1164638.5,5.2782885,178772.45398674998,96.7240158119153,99.33451582245726,129.98815884931082,0.18937925756692664
83,failure_rate_1_2_capture,0.4,0.6,0,710.4656446566902,5464381.4762298325,28864.819932937622,-1171710.8,5.285360799999999,179020.6762298327,96.72386203253605,99.4676126579658,130.01757797240728,0.2120542743332834
84,failure_rate_1_2_capture,0.3,0.7,0,711.5779831761791,5471701.998472915,21544.2976898551,-1178783.1,5.292433099999999,179268.8984729154,96.72370866463584,99.60070949347435,130.04691837654389,0.23466861785222193
85,failure_rate_1_2_capture,0.2,0.8,0,712.6903216956682,5479022.520715938,14223.77544683218,-1185855.4,5.2995054,179517.12071593758,96.72355570656643,99.73380632898291,130.07618037725126,0.2572225313214176
86,failure_rate_1_2_capture,0.1,0.9,0,713.8026602151576,5486343.0429590205,6903.253203749657,-1192927.7,5.3065777,179765.3429590203,96.72340315668512,99.86690316449145,130.1053642883718,0.2797162566373004
87,failure_rate_1_2_capture,0.0,1.0,0,714.9228609192239,5493671.965151058,-425.6689882874489,-1200000.0,5.31365,180021.96515105758,96.7231031213181,100.0,130.13570257822374,0.30309972829279275
88,failure_rate_3,1.0,0.0,0,692.1097263521223,5309159.511051224,184086.78511154652,-1023190.91,5.13684091,172318.60105122346,96.75431486485694,96.67254918935195,130.3614489094684,0.0
89,failure_rate_3,0.9,0.09999999999999998,0,693.9684143508022,5327556.168112979,165690.12804979086,-1040871.819,5.154521819,173034.34911297914,96.7520877555709,97.00529427041677,130.26017792255504,-0.07768476628676524
90,failure_rate_3,0.8,0.19999999999999996,0,695.8271023494675,5345952.8251744965,147293.47098827362,-1058552.728,5.172202728,173750.0971744964,96.74987597428294,97.33803935148157,130.15960392930612,-0.15483487016354047
91,failure_rate_3,0.7,0.30000000000000004,0,697.6857903480701,5364349.482235537,128896.81392723322,-1076233.637,5.189883637,174465.8452355368,96.74767936329849,97.67078443254637,130.05971975884705,-0.23145581239350577
92,failure_rate_3,0.6,0.4,0,699.5506841249322,5382734.044713602,110512.25144916773,-1093914.546,5.207564546,175169.4987136023,96.74571514664305,98.00352951361117,129.96196325396437,-0.30644462672509576
93,failure_rate_3,0.5,0.5,0,701.4444359790198,5401155.818512366,92090.47765040398,-1111595.455,5.2252454550000005,175910.36351236608,96.74309778456241,98.33627459467597,129.86932048411404,-0.3775107054050437
94,failure_rate_3,0.4,0.6,0,703.3599133478409,5419658.426838086,73587.86932468414,-1129276.364,5.242926364,176732.06283808593,96.73905532564726,98.66901967574077,129.77938053527706,-0.4465034556309604
95,failure_rate_3,0.3,0.7,0,705.2754450614431,5438160.27876334,55086.017399430275,-1146957.273,5.260607273,177553.0057633398,96.73505382956981,99.00176475680558,129.69008063547287,-0.5150052255569619
96,failure_rate_3,0.2,0.8,0,707.8940697548694,5456766.050240145,36480.245922625065,-1164638.182,5.278288182,178477.86824014504,96.72923730654917,99.33450983787039,129.72776608660288,-0.48609679331318034
97,failure_rate_3,0.1,0.9,0,711.5771470979302,5475532.520695374,17713.775467395782,-1182319.091,5.295969091,179563.42969537433,96.72062161960147,99.6672549189352,129.9557886668459,-0.3111811398354547
98,failure_rate_3,0.0,1.0,0,715.261086553177,5494310.729729042,-1064.4335662722588,-1200000.0,5.31365,180660.7297290424,96.71185816354526,100.0,130.18213234336872,-0.13755336995696155
99,failure_rate_3_capture,1.0,0.0,0,700.5352057285716,5313641.187002585,179605.10916018486,-1023190.91,5.13684091,176800.27700258512,96.67270952666041,96.67254918935195,131.8371303358069,1.1319921945354423
100,failure_rate_3_capture,0.9,0.09999999999999998,0,701.5533705703277,5331590.771582709,161655.52458006144,-1040871.819,5.154521819,177068.95258270856,96.67887202584107,97.00529427041677,131.58424954698242,0.9380078602556807
101,failure_rate_3_capture,0.8,0.19999999999999996,0,702.5715354120824,5349540.356162832,143705.939999938,-1058552.728,5.172202728,177337.628162832,96.68499317032848,97.33803935148157,131.33306576567813,0.7453252969629602
102,failure_rate_3_capture,0.7,0.30000000000000004,0,703.589710613868,5367490.107853697,125756.18830907345,-1076233.637,5.189883637,177606.47085369658,96.69107036464169,97.67078443254637,131.08355981585834,0.5539297947596538
103,failure_rate_3_capture,0.6,0.4,0,704.6186052131653,5385425.331284986,107820.96487778425,-1093914.546,5.207564546,177860.7852849858,96.69736790793927,98.00352951361117,130.83806048148108,0.36560775904206366
104,failure_rate_3_capture,0.5,0.5,0,705.6752608462155,5403412.126014815,89834.17014795542,-1111595.455,5.2252454550000005,178166.67101481464,96.70270068505364,98.33627459467597,130.5980821726943,0.18152089072759736
105,failure_rate_3_capture,0.4,0.6,0,706.749930683064,5421463.004375444,71783.29178732634,-1129276.364,5.242926364,178536.64037544373,96.706854953518,98.66901967574077,130.36147809413708,2.238749945604468e-05
106,failure_rate_3_capture,0.3,0.7,0,707.8251444730532,5439516.840668605,53729.45549416542,-1146957.273,5.260607273,178909.56766860466,96.71092906026165,99.00176475680558,130.12647358327695,-0.18024909063004202
107,failure_rate_3_capture,0.2,0.8,0,709.6800062316316,5457686.528385029,35559.767777740955,-1164638.182,5.278288182,179398.34638502914,96.71292322393397,99.33450983787039,130.03311981013158,-0.251860578478869
108,failure_rate_3_capture,0.1,0.9,0,712.4608775380354,5475987.99857323,17258.29758954048,-1182319.091,5.295969091,180018.90757322963,96.7125766597711,99.6672549189352,130.10636212564148,-0.19567654852016858
109,failure_rate_3_capture,0.0,1.0,0,715.2614043058895,5494310.468633936,-1064.172471165657,-1200000.0,5.31365,180660.4686339358,96.7118627593891,100.0,130.18219636279977,-0.13750426078273392
